25	20.977948000	0x0201	0	2
207	31.062369000	0x035d	0	64
291	31.499226000	0x035d	0	64
297	31.501234000	0x035d	0	64
301	31.664371000	0x035d	0	64
385	32.071910000	0x035d	0	64
387	32.073230000	0x035d	0	64
393	32.078800000	0x035d	0	64
397	32.081605000	0x035d	0	64
401	33.325004000	0x035d	0	64
403	33.326424000	0x035d	0	64
449	33.352121000	0x035d	0	64
450	33.352148000	0x035d	0	64
460	33.358047000	0x035d	0	64
480	33.368999000	0x035d	0	64
490	33.373220000	0x035d	0	64
551	33.408877000	0x035d	0	64
595	33.437306000	0x035d	0	64
597	33.438373000	0x035d	0	64
601	33.441040000	0x035d	0	64
605	33.443560000	0x035d	0	64
606	33.443575000	0x035d	0	64
608	33.444895000	0x035d	0	64
615	33.455207000	0x035d	0	64
619	33.464181000	0x035d	0	64
630	33.477336000	0x035d	0	64
667	33.499936000	0x035d	0	64
709	33.526130000	0x035d	0	64
751	33.563056000	0x035d	0	64
757	33.568806000	0x035d	0	64
764	33.572595000	0x035d	0	64
772	33.577058000	0x035d	0	64
780	33.581104000	0x035d	0	64
792	33.588140000	0x035d	0	64
810	33.599368000	0x035d	0	64
817	33.603506000	0x035d	0	64
847	33.624949000	0x025d	0	64
850	33.626296000	0x025d	0	64
854	33.628925000	0x025d	0	64
869	33.634753000	0x035d	0	64
871	33.636005000	0x035d	0	64
877	33.661395000	0x025d	0	64
879	33.663012000	0x035a	0	64
881	33.664452000	0x025d	0	64
885	33.666220000	0x025d	0	64
891	33.804845000	0x035d	0	64
895	33.807367000	0x035d	0	64
901	33.809303000	0x035d	0	64
905	33.812324000	0x035d	0	64
909	33.817138000	0x035d	0	64
913	33.825206000	0x035d	0	64
917	33.857520000	0x035d	0	64
921	33.882760000	0x025d	0	64
923	33.884189000	0x025d	0	64
927	33.885901000	0x025d	0	64
941	34.170321000	0x025d	0	64
943	34.172108000	0x025d	0	64
947	34.173514000	0x025d	0	64
993	36.747554000	0x035d	0	64
995	36.749126000	0x035d	0	64
999	36.750718000	0x035d	0	64
1003	36.752932000	0x035d	0	64
1007	36.754214000	0x035d	0	64
1027	36.760221000	0x035d	0	64
1032	36.761456000	0x035d	0	64
1038	36.763326000	0x035d	0	64
1045	36.765222000	0x035d	0	64
1049	36.766476000	0x035d	0	64
1067	36.774354000	0x035d	0	64
1069	36.775870000	0x035d	0	64
1073	36.776877000	0x035d	0	64
1079	36.778802000	0x035d	0	64
1081	36.780388000	0x035d	0	64
1091	42.566310000	0x035d	0	64
1102	50.737143000	0x0201	0	2
1661	80.778678000	0x0201	0	2
1732	92.448791000	0x025d	0	64
1733	92.448799000	0x0201	0	2
1736	92.450416000	0x025d	0	64
1739	92.452685000	0x025d	0	64
1747	92.542336000	0x0305	1	10
1749	94.292872000	0x025d	0	64
1751	94.295000000	0x025d	0	64
1753	94.296753000	0x025d	0	64
1761	94.335589000	0x0305	1	10
1763	94.398038000	0x0305	1	10
1765	94.476393000	0x0305	1	10
1767	94.537305000	0x0305	1	10
1769	94.600154000	0x0305	1	10
1771	94.661039000	0x0305	1	10
1773	94.723902000	0x0305	1	10
1775	94.786032000	0x0305	1	10
1777	94.847763000	0x0305	1	10
1779	94.910329000	0x0305	1	10
1781	94.989041000	0x0305	1	10
1783	95.051988000	0x0305	1	10
1785	95.114343000	0x0305	1	10
1787	95.177049000	0x0305	1	10
1789	95.238386000	0x0305	1	10
1791	95.300702000	0x0305	1	10
1793	95.362291000	0x0305	1	10
1795	95.423965000	0x0305	1	10
1797	95.500801000	0x0305	1	10
1799	95.562796000	0x0305	1	10
1801	95.685239000	0x0305	1	10
1803	95.749874000	0x0305	1	10
1805	95.810682000	0x0305	1	10
1807	95.873472000	0x0305	1	10
1809	95.933896000	0x0305	1	10
1811	96.012032000	0x0305	1	10
1813	96.072846000	0x0305	1	10
1815	96.135599000	0x0305	1	10
1817	96.168807000	0x025d	0	64
1819	96.170291000	0x025d	0	64
1821	96.172234000	0x025d	0	64
1829	96.197769000	0x0305	1	10
1831	96.210031000	0x0305	1	10
1833	96.274983000	0x0305	1	10
1835	96.338887000	0x0305	1	10
1837	96.400381000	0x0305	1	10
1839	96.477463000	0x0305	1	10
1841	96.539459000	0x0305	1	10
1843	96.601322000	0x0305	1	10
1845	96.664316000	0x0305	1	10
1847	96.725626000	0x0305	1	10
1849	96.785766000	0x0305	1	10
1851	96.863247000	0x0305	1	10
1853	96.924829000	0x0305	1	10
1855	96.987181000	0x0305	1	10
1857	97.047154000	0x0305	1	10
1859	97.109147000	0x0305	1	10
1861	97.170848000	0x0305	1	10
1863	97.246898000	0x0305	1	10
1865	97.307536000	0x0305	1	10
1867	97.370340000	0x0305	1	10
1869	97.430841000	0x0305	1	10
1871	97.492138000	0x0305	1	10
1873	97.553834000	0x0305	1	10
1875	97.618470000	0x025d	0	64
1877	97.620042000	0x025d	0	64
1881	97.622027000	0x025d	0	64
1887	97.631286000	0x0305	1	10
1889	97.656673000	0x0305	1	10
1891	97.675144000	0x0305	1	10
1893	97.740377000	0x0305	1	10
1895	97.802103000	0x0305	1	10
1897	97.862853000	0x0305	1	10
1899	97.923310000	0x0305	1	10
1901	97.985336000	0x0305	1	10
1903	98.046743000	0x0305	1	10
1905	98.125845000	0x0305	1	10
1907	98.186928000	0x0305	1	10
1909	98.249591000	0x0305	1	10
1911	98.311381000	0x0305	1	10
1913	98.372925000	0x0305	1	10
1915	98.433764000	0x0305	1	10
1917	98.498016000	0x0305	1	10
1919	98.561094000	0x0305	1	10
1921	98.622575000	0x0305	1	10
1923	98.685010000	0x0305	1	10
1925	98.762166000	0x0305	1	10
1927	98.823721000	0x0305	1	10
1929	98.886517000	0x0305	1	10
1931	98.947389000	0x0305	1	10
1933	99.009206000	0x0305	1	10
1935	99.072694000	0x0305	1	10
1937	99.135552000	0x0305	1	10
1939	99.199227000	0x0305	1	10
1941	99.262078000	0x0305	1	10
1943	99.338207000	0x0305	1	10
1945	99.400704000	0x0305	1	10
1947	99.418763000	0x025d	0	64
1949	99.420464000	0x025d	0	64
1953	99.422421000	0x025d	0	64
1959	99.463356000	0x0305	1	10
1961	99.477061000	0x0304	1	51
1963	99.478628000	0x0304	1	51
1965	99.540422000	0x0304	1	51
1967	99.541936000	0x0304	1	51
1969	99.602016000	0x0304	1	51
1971	99.603671000	0x0304	1	51
1973	99.664936000	0x0304	1	51
1975	99.666634000	0x0304	1	51
1977	99.740575000	0x0304	1	51
1979	99.742291000	0x0304	1	51
1981	99.801527000	0x0304	1	51
1983	99.802886000	0x0304	1	51
1985	99.864035000	0x0304	1	51
1987	99.865625000	0x0304	1	51
1989	99.928091000	0x0304	1	51
1991	99.929436000	0x0304	1	51
1993	99.992083000	0x0304	1	51
1995	99.993722000	0x0304	1	51
1997	100.051386000	0x0304	1	51
1999	100.052897000	0x0304	1	51
2001	100.112385000	0x0304	1	51
2003	100.113895000	0x0304	1	51
2005	100.174593000	0x0304	1	51
2007	100.176183000	0x0304	1	51
2009	100.250723000	0x0304	1	51
2011	100.252117000	0x0304	1	51
2013	100.313595000	0x0304	1	51
2015	100.315176000	0x0304	1	51
2017	100.374874000	0x0304	1	51
2019	100.375990000	0x0304	1	51
2021	100.436726000	0x0304	1	51
2023	100.438170000	0x0304	1	51
2025	100.500889000	0x0304	1	51
2027	100.502452000	0x0304	1	51
2029	100.564070000	0x0304	1	51
2031	100.565707000	0x0304	1	51
2033	100.627365000	0x0304	1	51
2035	100.628893000	0x0304	1	51
2037	100.689544000	0x0304	1	51
2039	100.691134000	0x0304	1	51
2041	100.752066000	0x0304	1	51
2043	100.753580000	0x0304	1	51
2045	100.816131000	0x0304	1	51
2047	100.817768000	0x0304	1	51
2049	100.877481000	0x0304	1	51
2051	100.879104000	0x0304	1	51
2053	100.955074000	0x0304	1	51
2055	100.956694000	0x0304	1	51
2057	100.988926000	0x025d	0	64
2059	100.990718000	0x025d	0	64
2061	100.992570000	0x025d	0	64
2069	101.016558000	0x0304	1	51
2071	101.017682000	0x0304	1	51
2073	101.031050000	0x0304	1	51
2075	101.032197000	0x0304	1	51
2077	101.045076000	0x0304	1	51
2079	101.046154000	0x0304	1	51
2081	101.108323000	0x0304	1	51
2083	101.109855000	0x0304	1	51
2085	101.172095000	0x0304	1	51
2087	101.173692000	0x0304	1	51
2089	101.234516000	0x0304	1	51
2091	101.236004000	0x0304	1	51
2093	101.296279000	0x0304	1	51
2095	101.297745000	0x0304	1	51
2097	101.358051000	0x0304	1	51
2099	101.359709000	0x0304	1	51
2101	101.434679000	0x0304	1	51
2103	101.435885000	0x0304	1	51
2105	101.496217000	0x0304	1	51
2107	101.497751000	0x0304	1	51
2109	101.560077000	0x0304	1	51
2111	101.561684000	0x0304	1	51
2113	101.620283000	0x0304	1	51
2115	101.621672000	0x0304	1	51
2117	101.683339000	0x0304	1	51
2119	101.684684000	0x0304	1	51
2121	101.743584000	0x0304	1	51
2123	101.745064000	0x0304	1	51
2125	101.806750000	0x0304	1	51
2127	101.808180000	0x0304	1	51
2129	101.883932000	0x0304	1	51
2131	101.885183000	0x0304	1	51
2133	101.944809000	0x0304	1	51
2135	101.946078000	0x0304	1	51
2137	102.007039000	0x0304	1	51
2139	102.008454000	0x0304	1	51
2141	102.068042000	0x0304	1	51
2143	102.069259000	0x0304	1	51
2145	102.129774000	0x0304	1	51
2147	102.131463000	0x0304	1	51
2149	102.191138000	0x0304	1	51
2151	102.192682000	0x0304	1	51
2153	102.268924000	0x0304	1	51
2155	102.270257000	0x0304	1	51
2157	102.328546000	0x0304	1	51
2159	102.329842000	0x0304	1	51
2161	102.390914000	0x0304	1	51
2163	102.392329000	0x0304	1	51
2165	102.451183000	0x0304	1	51
2167	102.452668000	0x0304	1	51
2169	102.513599000	0x0304	1	51
2171	102.515305000	0x0304	1	51
2173	102.575808000	0x0304	1	51
2175	102.577169000	0x0304	1	51
2177	102.637305000	0x0304	1	51
2179	102.638901000	0x0304	1	51
2181	102.714712000	0x0304	1	51
2183	102.716309000	0x0304	1	51
2185	102.774694000	0x0304	1	51
2187	102.837322000	0x0304	1	51
2188	102.838382000	0x025d	0	64
2191	102.840321000	0x025d	0	64
2195	102.841877000	0x025d	0	64
2201	102.875779000	0x0304	1	51
2203	103.428707000	0x0304	1	51
2205	104.580615000	0x025d	0	64
2207	104.582332000	0x025d	0	64
2209	104.583836000	0x025d	0	64
2217	104.943983000	0x0305	1	10
2219	106.191259000	0x025d	0	64
2221	106.192943000	0x025d	0	64
2225	106.194497000	0x025d	0	64
2231	106.939468000	0x0305	1	10
2233	107.037743000	0x0305	1	10
2235	107.815280000	0x0305	1	10
2237	107.844677000	0x025d	0	64
2239	107.846309000	0x025d	0	64
2241	107.847788000	0x025d	0	64
2249	107.967214000	0x0305	1	10
2251	110.244069000	0x025d	0	64
2253	110.245687000	0x025d	0	64
2255	110.247279000	0x025d	0	64
2263	110.614063000	0x0304	1	51
2265	110.615795000	0x0304	1	51
2267	110.653434000	0x0304	1	51
2269	110.718078000	0x0304	1	51
2271	110.781200000	0x0304	1	51
2273	110.846182000	0x0304	1	51
2275	110.910735000	0x0304	1	51
2277	110.912391000	0x0304	1	51
2279	110.973418000	0x0304	1	51
2281	110.975042000	0x0304	1	51
2283	111.037255000	0x0304	1	51
2285	111.038769000	0x0304	1	51
2287	111.101777000	0x0304	1	51
2289	111.103105000	0x0304	1	51
2291	111.165682000	0x0304	1	51
2293	111.167269000	0x0304	1	51
2295	111.231172000	0x0304	1	51
2297	111.232718000	0x0304	1	51
2299	111.294719000	0x0304	1	51
2301	111.296028000	0x0304	1	51
2303	111.359238000	0x0304	1	51
2305	111.360810000	0x0304	1	51
2307	111.422476000	0x0304	1	51
2309	111.423894000	0x0304	1	51
2311	111.485829000	0x0304	1	51
2313	111.487211000	0x0304	1	51
2315	111.549508000	0x0304	1	51
2317	111.550851000	0x0304	1	51
2319	111.614191000	0x0304	1	51
2321	111.615656000	0x0304	1	51
2323	111.677619000	0x0304	1	51
2325	111.679193000	0x0304	1	51
2327	111.741607000	0x0304	1	51
2329	111.742798000	0x0304	1	51
2331	111.805267000	0x0304	1	51
2333	111.806792000	0x0304	1	51
2335	111.871607000	0x0304	1	51
2337	111.933890000	0x0304	1	51
2339	111.935231000	0x0304	1	51
2341	111.999082000	0x0304	1	51
2343	112.061117000	0x0304	1	51
2345	112.062681000	0x0304	1	51
2347	112.127057000	0x0304	1	51
2349	112.190733000	0x0304	1	51
2351	112.192284000	0x0304	1	51
2353	112.254699000	0x0304	1	51
2355	112.318859000	0x0304	1	51
2357	112.320487000	0x0304	1	51
2359	112.381792000	0x0304	1	51
2361	112.445252000	0x0304	1	51
2363	112.509552000	0x0304	1	51
2365	112.511071000	0x0304	1	51
2367	112.573784000	0x0304	1	51
2369	112.637606000	0x0304	1	51
2371	112.639303000	0x0304	1	51
2373	112.701955000	0x0304	1	51
2375	112.703306000	0x0304	1	51
2377	112.765508000	0x0304	1	51
2379	112.767046000	0x0304	1	51
2381	112.829455000	0x0304	1	51
2383	112.830980000	0x0304	1	51
2385	112.894033000	0x0304	1	51
2387	112.895628000	0x0304	1	51
2389	112.957443000	0x0304	1	51
2391	112.959023000	0x0304	1	51
2393	113.022419000	0x0304	1	51
2395	113.023974000	0x0304	1	51
2397	113.086131000	0x0304	1	51
2399	113.087791000	0x0304	1	51
2401	113.150864000	0x0304	1	51
2403	113.152368000	0x0304	1	51
2405	113.213996000	0x0304	1	51
2407	113.215230000	0x0304	1	51
2409	113.278115000	0x0304	1	51
2411	113.279863000	0x0304	1	51
2413	113.342942000	0x0304	1	51
2415	113.344440000	0x0304	1	51
2421	113.406069000	0x0304	1	51
2423	113.407705000	0x0304	1	51
2429	113.470691000	0x0304	1	51
2431	113.472173000	0x0304	1	51
2435	113.534441000	0x0304	1	51
2439	113.598230000	0x0304	1	51
2441	113.664744000	0x0304	1	51
2451	113.726104000	0x0304	1	51
2453	113.789828000	0x0304	1	51
2459	113.854605000	0x0304	1	51
2461	113.917275000	0x0304	1	51
2463	113.918968000	0x0304	1	51
2469	113.983109000	0x0304	1	51
2471	114.045651000	0x0304	1	51
2477	114.109542000	0x0304	1	51
2479	114.174909000	0x0304	1	51
2481	114.176610000	0x0304	1	51
2487	114.237355000	0x0304	1	51
2489	114.238826000	0x0304	1	51
2499	114.301554000	0x0304	1	51
2501	114.303019000	0x0304	1	51
2503	114.365804000	0x0304	1	51
2505	114.367457000	0x0304	1	51
2507	114.431218000	0x0304	1	51
2509	114.432756000	0x0304	1	51
2519	114.494275000	0x0304	1	51
2521	114.495963000	0x0304	1	51
2523	114.559073000	0x0304	1	51
2525	114.560654000	0x0304	1	51
2531	114.621811000	0x0304	1	51
2533	114.623133000	0x0304	1	51
2539	114.686926000	0x0304	1	51
2541	114.688428000	0x0304	1	51
2543	114.749358000	0x0304	1	51
2545	114.750988000	0x0304	1	51
2555	114.813386000	0x0304	1	51
2557	114.814899000	0x0304	1	51
2559	114.877808000	0x0304	1	51
2561	114.879382000	0x0304	1	51
2565	114.942739000	0x0304	1	51
2567	114.944208000	0x0304	1	51
2571	115.006414000	0x0304	1	51
2577	115.070698000	0x0304	1	51
2579	115.133169000	0x0304	1	51
2589	115.197563000	0x0304	1	51
2591	115.262336000	0x0304	1	51
2601	115.326325000	0x0304	1	51
2603	115.390384000	0x0304	1	51
2609	115.454606000	0x0304	1	51
2619	115.519612000	0x0304	1	51
2621	115.521173000	0x0304	1	51
2627	115.582707000	0x0304	1	51
2629	115.584285000	0x0304	1	51
2631	115.646867000	0x0304	1	51
2633	115.648103000	0x0304	1	51
2641	115.710582000	0x0304	1	51
2643	115.712327000	0x0304	1	51
2645	115.775192000	0x0304	1	51
2647	115.776500000	0x0304	1	51
2653	115.838107000	0x0304	1	51
2655	115.839670000	0x0304	1	51
2657	115.902062000	0x0304	1	51
2659	115.903624000	0x0304	1	51
2661	115.966816000	0x0304	1	51
2663	115.968497000	0x0304	1	51
2669	116.031249000	0x0304	1	51
2671	116.032849000	0x0304	1	51
2673	116.094925000	0x0304	1	51
2675	116.096586000	0x0304	1	51
2681	116.158844000	0x0304	1	51
2683	116.160442000	0x0304	1	51
2689	116.223296000	0x0304	1	51
2691	116.224998000	0x0304	1	51
2693	116.287404000	0x0304	1	51
2695	116.289021000	0x0304	1	51
2701	116.351336000	0x0304	1	51
2703	116.352879000	0x0304	1	51
2705	116.414542000	0x0304	1	51
2707	116.416057000	0x0304	1	51
2709	116.477381000	0x0304	1	51
2711	116.479025000	0x0304	1	51
2713	116.543104000	0x0304	1	51
2715	116.605338000	0x0304	1	51
2717	116.670542000	0x0304	1	51
2719	116.733301000	0x0304	1	51
2725	116.798658000	0x0304	1	51
2727	116.862972000	0x0304	1	51
2737	116.926299000	0x0304	1	51
2739	116.927681000	0x0304	1	51
2741	116.989313000	0x0304	1	51
2743	116.990682000	0x0304	1	51
2749	117.053468000	0x0304	1	51
2751	117.054849000	0x0304	1	51
2757	117.117535000	0x0304	1	51
2759	117.119117000	0x0304	1	51
2765	117.182770000	0x0304	1	51
2767	117.184402000	0x0304	1	51
2769	117.246301000	0x0304	1	51
2771	117.247891000	0x0304	1	51
2773	117.311572000	0x0304	1	51
2775	117.313250000	0x0304	1	51
2781	117.374210000	0x0304	1	51
2783	117.375810000	0x0304	1	51
2789	117.439171000	0x0304	1	51
2791	117.440818000	0x0304	1	51
2797	117.502817000	0x0304	1	51
2799	117.504209000	0x0304	1	51
2801	117.566382000	0x0304	1	51
2803	117.567583000	0x0304	1	51
2809	117.630835000	0x0304	1	51
2811	117.632162000	0x0304	1	51
2817	117.694777000	0x0304	1	51
2819	117.696216000	0x0304	1	51
2825	117.758310000	0x0304	1	51
2827	117.759819000	0x0304	1	51
2829	117.823475000	0x0304	1	51
2831	117.824887000	0x0304	1	51
2833	117.886501000	0x0304	1	51
2839	117.951266000	0x0304	1	51
2841	117.952809000	0x0304	1	51
2847	118.015717000	0x0304	1	51
2849	118.077405000	0x0304	1	51
2851	118.142614000	0x0304	1	51
2853	118.144251000	0x0304	1	51
2855	118.205300000	0x0304	1	51
2857	118.206925000	0x0304	1	51
2863	118.270431000	0x0304	1	51
2865	118.333517000	0x0304	1	51
2867	118.334810000	0x0304	1	51
2873	118.397710000	0x0304	1	51
2875	118.463170000	0x0304	1	51
2877	118.526917000	0x0304	1	51
2879	118.527833000	0x0304	1	51
2881	118.589731000	0x0304	1	51
2883	118.654671000	0x0304	1	51
2885	118.655952000	0x0304	1	51
2887	118.718558000	0x0304	1	51
2889	118.719641000	0x0304	1	51
2891	118.782724000	0x0304	1	51
2893	118.783877000	0x0304	1	51
2895	118.845896000	0x0304	1	51
2897	118.846943000	0x0304	1	51
2899	118.911511000	0x0304	1	51
2901	118.912477000	0x0304	1	51
2903	118.974399000	0x0304	1	51
2905	118.975902000	0x0304	1	51
2907	119.039501000	0x0304	1	51
2909	119.041111000	0x0304	1	51
2911	119.103064000	0x0304	1	51
2913	119.105088000	0x0304	1	51
2915	119.167225000	0x0304	1	51
2917	119.168868000	0x0304	1	51
2919	119.230583000	0x0304	1	51
2921	119.231938000	0x0304	1	51
2923	119.294558000	0x0304	1	51
2925	119.295512000	0x0304	1	51
2927	119.358772000	0x0304	1	51
2929	119.360410000	0x0304	1	51
2931	119.421301000	0x0304	1	51
2933	119.422869000	0x0304	1	51
2935	119.486997000	0x0304	1	51
2937	119.487989000	0x0304	1	51
2939	119.549580000	0x0304	1	51
2941	119.614067000	0x0304	1	51
2943	119.677449000	0x0304	1	51
2945	119.742832000	0x0304	1	51
2947	119.805354000	0x0304	1	51
2949	119.870649000	0x0304	1	51
2951	119.933530000	0x0304	1	51
2953	119.935015000	0x0304	1	51
2955	119.999156000	0x0304	1	51
2961	120.062779000	0x0304	1	51
2963	120.127758000	0x0304	1	51
2969	120.190536000	0x0304	1	51
2971	120.191832000	0x0304	1	51
2977	120.253920000	0x0304	1	51
2979	120.255646000	0x0304	1	51
2985	120.317734000	0x0304	1	51
2987	120.382629000	0x0304	1	51
2989	120.384273000	0x0304	1	51
2991	120.445321000	0x0304	1	51
2993	120.446900000	0x0304	1	51
2995	120.510872000	0x0304	1	51
2997	120.511720000	0x0304	1	51
2999	120.573848000	0x0304	1	51
3001	120.575576000	0x0304	1	51
3003	120.637649000	0x0304	1	51
3005	120.639178000	0x0304	1	51
3007	120.702026000	0x0304	1	51
3009	120.703531000	0x0304	1	51
3011	120.765541000	0x0304	1	51
3013	120.767087000	0x0304	1	51
3015	120.829704000	0x0304	1	51
3017	120.831118000	0x0304	1	51
3023	120.894618000	0x0304	1	51
3025	120.896198000	0x0304	1	51
3029	120.959328000	0x0304	1	51
3031	120.960481000	0x0304	1	51
3035	121.021144000	0x0304	1	51
3041	121.085761000	0x0304	1	51
3047	121.149691000	0x0304	1	51
3049	121.215368000	0x0304	1	51
3051	121.277888000	0x0304	1	51
3053	121.341103000	0x0304	1	51
3055	121.406688000	0x0304	1	51
3057	121.469324000	0x0304	1	51
3059	121.534477000	0x0304	1	51
3061	121.535963000	0x0304	1	51
3063	121.599602000	0x0304	1	51
3065	121.601226000	0x0304	1	51
3067	121.661548000	0x0304	1	51
3069	121.663119000	0x0304	1	51
3071	121.727619000	0x0304	1	51
3073	121.729128000	0x0304	1	51
3075	121.789648000	0x0304	1	51
3077	121.790994000	0x0304	1	51
3079	121.854619000	0x0304	1	51
3081	121.856284000	0x0304	1	51
3083	121.918116000	0x0304	1	51
3085	121.919690000	0x0304	1	51
3087	121.982051000	0x0304	1	51
3089	121.983302000	0x0304	1	51
3091	122.045520000	0x0304	1	51
3093	122.047114000	0x0304	1	51
3095	122.110799000	0x0304	1	51
3097	122.112089000	0x0304	1	51
3099	122.173793000	0x0304	1	51
3101	122.175459000	0x0304	1	51
3103	122.238211000	0x0304	1	51
3105	122.239711000	0x0304	1	51
3107	122.302660000	0x0304	1	51
3109	122.304129000	0x0304	1	51
3111	122.365302000	0x0304	1	51
3113	122.366893000	0x0304	1	51
3115	122.429812000	0x0304	1	51
3117	122.430750000	0x0304	1	51
3119	122.495826000	0x0304	1	51
3121	122.497408000	0x0304	1	51
3123	122.557169000	0x0304	1	51
3125	122.622503000	0x0304	1	51
3127	122.686785000	0x0304	1	51
3129	122.750583000	0x0304	1	51
3131	122.814843000	0x0304	1	51
3133	122.878166000	0x0304	1	51
3135	122.941433000	0x0304	1	51
3137	122.942985000	0x0304	1	51
3139	123.006586000	0x0304	1	51
3141	123.008142000	0x0304	1	51
3143	123.070342000	0x0304	1	51
3145	123.071943000	0x0304	1	51
3147	123.133624000	0x0304	1	51
3149	123.135568000	0x0304	1	51
3151	123.199657000	0x0304	1	51
3153	123.201173000	0x0304	1	51
3155	123.261249000	0x0304	1	51
3157	123.262929000	0x0304	1	51
3159	123.326115000	0x0304	1	51
3161	123.327759000	0x0304	1	51
3163	123.390053000	0x0304	1	51
3165	123.391585000	0x0304	1	51
3167	123.453323000	0x0304	1	51
3169	123.454865000	0x0304	1	51
3171	123.518504000	0x0304	1	51
3173	123.519953000	0x0304	1	51
3175	123.581537000	0x0304	1	51
3177	123.583124000	0x0304	1	51
3179	123.645513000	0x0304	1	51
3181	123.646939000	0x0304	1	51
3183	123.710727000	0x0304	1	51
3185	123.712105000	0x0304	1	51
3187	123.773697000	0x0304	1	51
3189	123.774906000	0x0304	1	51
3191	123.839389000	0x0304	1	51
3193	123.840856000	0x0304	1	51
3195	123.901353000	0x0304	1	51
3197	123.965579000	0x0304	1	51
3199	123.967262000	0x0304	1	51
3201	124.029424000	0x0304	1	51
3203	124.095635000	0x0304	1	51
3205	124.157345000	0x0304	1	51
3207	124.158986000	0x0304	1	51
3209	124.222685000	0x0304	1	51
3211	124.224339000	0x0304	1	51
3213	124.285840000	0x0304	1	51
3215	124.351346000	0x0304	1	51
3217	124.352945000	0x0304	1	51
3219	124.413746000	0x0304	1	51
3221	124.478560000	0x0304	1	51
3223	124.541381000	0x0304	1	51
3225	124.543038000	0x0304	1	51
3227	124.607071000	0x0304	1	51
3229	124.669709000	0x0304	1	51
3231	124.671144000	0x0304	1	51
3233	124.734886000	0x0304	1	51
3235	124.736417000	0x0304	1	51
3237	124.797813000	0x0304	1	51
3239	124.799317000	0x0304	1	51
3241	124.862703000	0x0304	1	51
3243	124.864337000	0x0304	1	51
3245	124.925953000	0x0304	1	51
3247	124.927334000	0x0304	1	51
3249	124.991644000	0x0304	1	51
3251	124.993333000	0x0304	1	51
3253	125.053213000	0x0304	1	51
3255	125.054590000	0x0304	1	51
3257	125.117371000	0x0304	1	51
3259	125.118898000	0x0304	1	51
3261	125.181471000	0x0304	1	51
3263	125.183111000	0x0304	1	51
3265	125.246838000	0x0304	1	51
3267	125.248435000	0x0304	1	51
3269	125.311026000	0x0304	1	51
3271	125.312695000	0x0304	1	51
3273	125.374975000	0x0304	1	51
3275	125.376482000	0x0304	1	51
3277	125.437577000	0x0304	1	51
3279	125.438986000	0x0304	1	51
3281	125.502765000	0x0304	1	51
3283	125.504265000	0x0304	1	51
3285	125.567065000	0x0304	1	51
3287	125.632204000	0x0304	1	51
3289	125.695129000	0x0304	1	51
3291	125.759161000	0x0304	1	51
3293	125.822801000	0x0304	1	51
3295	125.887286000	0x0304	1	51
3297	125.950773000	0x0304	1	51
3299	125.952487000	0x0304	1	51
3301	126.014874000	0x0304	1	51
3303	126.078690000	0x0304	1	51
3305	126.141452000	0x0304	1	51
3307	126.207099000	0x0304	1	51
3309	126.208654000	0x0304	1	51
3311	126.270466000	0x0304	1	51
3313	126.272111000	0x0304	1	51
3315	126.334561000	0x0304	1	51
3317	126.398165000	0x0304	1	51
3319	126.399733000	0x0304	1	51
3321	126.461844000	0x0304	1	51
3323	126.463445000	0x0304	1	51
3325	126.526173000	0x0304	1	51
3327	126.527738000	0x0304	1	51
3329	126.591108000	0x0304	1	51
3331	126.592606000	0x0304	1	51
3333	126.653932000	0x0304	1	51
3335	126.655460000	0x0304	1	51
3337	126.718038000	0x0304	1	51
3339	126.719649000	0x0304	1	51
3341	126.782472000	0x0304	1	51
3343	126.784161000	0x0304	1	51
3345	126.848035000	0x0304	1	51
3347	126.849652000	0x0304	1	51
3349	126.910034000	0x0304	1	51
3351	126.911653000	0x0304	1	51
3353	126.974900000	0x0304	1	51
3355	126.976366000	0x0304	1	51
3357	127.037429000	0x0304	1	51
3359	127.102073000	0x0304	1	51
3361	127.166218000	0x0304	1	51
3363	127.231659000	0x0304	1	51
3365	127.295008000	0x0304	1	51
3367	127.359147000	0x0304	1	51
3369	127.422887000	0x0304	1	51
3371	127.485850000	0x0304	1	51
3373	127.549346000	0x0304	1	51
3375	127.550940000	0x0304	1	51
3377	127.614106000	0x0304	1	51
3379	127.615515000	0x0304	1	51
3381	127.677800000	0x0304	1	51
3383	127.679150000	0x0304	1	51
3385	127.742789000	0x0304	1	51
3387	127.744480000	0x0304	1	51
3389	127.807167000	0x0304	1	51
3391	127.808866000	0x0304	1	51
3393	127.871390000	0x0304	1	51
3395	127.872892000	0x0304	1	51
3397	127.933615000	0x0304	1	51
3399	127.935175000	0x0304	1	51
3401	127.998690000	0x0304	1	51
3403	127.999681000	0x0304	1	51
3405	128.062103000	0x0304	1	51
3407	128.063007000	0x0304	1	51
3409	128.127439000	0x0304	1	51
3411	128.128983000	0x0304	1	51
3413	128.190699000	0x0304	1	51
3415	128.192502000	0x0304	1	51
3417	128.255295000	0x0304	1	51
3419	128.256648000	0x0304	1	51
3421	128.318921000	0x0304	1	51
3423	128.320407000	0x0304	1	51
3425	128.382400000	0x0304	1	51
3427	128.384016000	0x0304	1	51
3429	128.446974000	0x0304	1	51
3431	128.448543000	0x0304	1	51
3433	128.509759000	0x0304	1	51
3435	128.511320000	0x0304	1	51
3437	128.574298000	0x0304	1	51
3439	128.638958000	0x0304	1	51
3441	128.702089000	0x0304	1	51
3443	128.765193000	0x0304	1	51
3445	128.829768000	0x0304	1	51
3447	128.893622000	0x0304	1	51
3449	128.956939000	0x0304	1	51
3451	128.958526000	0x0304	1	51
3453	129.021838000	0x0304	1	51
3455	129.023449000	0x0304	1	51
3457	129.085785000	0x0304	1	51
3459	129.087159000	0x0304	1	51
3461	129.150488000	0x0304	1	51
3463	129.152023000	0x0304	1	51
3465	129.213440000	0x0304	1	51
3467	129.214892000	0x0304	1	51
3469	129.277566000	0x0304	1	51
3471	129.279006000	0x0304	1	51
3473	129.342327000	0x0304	1	51
3475	129.343987000	0x0304	1	51
3477	129.405586000	0x0304	1	51
3479	129.406873000	0x0304	1	51
3481	129.469999000	0x0304	1	51
3483	129.471501000	0x0304	1	51
3485	129.533743000	0x0304	1	51
3487	129.535047000	0x0304	1	51
3489	129.597586000	0x0304	1	51
3491	129.598926000	0x0304	1	51
3493	129.661489000	0x0304	1	51
3495	129.663020000	0x0304	1	51
3497	129.726075000	0x0304	1	51
3499	129.727555000	0x0304	1	51
3501	129.789956000	0x0304	1	51
3503	129.791391000	0x0304	1	51
3505	129.854144000	0x0304	1	51
3507	129.855898000	0x0304	1	51
3509	129.917636000	0x0304	1	51
3511	129.981679000	0x0304	1	51
3513	129.983318000	0x0304	1	51
3515	130.046110000	0x0304	1	51
3517	130.111095000	0x0304	1	51
3519	130.174073000	0x0304	1	51
3521	130.175813000	0x0304	1	51
3523	130.238279000	0x0304	1	51
3525	130.239580000	0x0304	1	51
3527	130.302548000	0x0304	1	51
3529	130.365413000	0x0304	1	51
3531	130.367096000	0x0304	1	51
3533	130.430109000	0x0304	1	51
3535	130.493902000	0x0304	1	51
3537	130.557447000	0x0304	1	51
3539	130.559015000	0x0304	1	51
3541	130.621741000	0x0304	1	51
