1	0.000000000	0x80	6			18
3	0.000000000	0x80	6			59
5	0.000000000	0x00	9		0	0
19	20.977277000	0x21				
20	20.977300000	0x21				
25	20.977948000	0x21				
107	28.031215000	0x80	6			1026
109	28.032223000	0x80	6			1026
111	28.033464000	0x80	6			1026
113	28.034535000	0x80	6			1026
115	28.035753000	0x80	6			1026
117	28.036754000	0x80	6			1026
119	28.037841000	0x80	6			1026
121	28.039211000	0x80	6			1026
123	28.040415000	0x80	6			1026
125	28.041559000	0x80	6			1026
127	28.042516000	0x80	6			1026
129	28.043550000	0x80	6			1026
131	28.045232000	0x80	6			1026
133	28.046545000	0x80	6			1026
135	28.048086000	0x80	6			1026
137	28.049478000	0x80	6			1026
139	28.050825000	0x80	6			1026
141	28.051823000	0x80	6			1026
143	28.052782000	0x80	6			1026
145	28.053640000	0x80	6			1026
147	28.630983000	0x80	6			1026
149	28.632695000	0x80	6			1026
151	28.633696000	0x80	6			1026
153	28.634733000	0x80	6			1026
155	28.635857000	0x80	6			1026
157	28.637272000	0x80	6			1026
159	28.638336000	0x80	6			1026
161	28.639401000	0x80	6			1026
163	28.640649000	0x80	6			1026
165	28.641689000	0x80	6			1026
167	28.642846000	0x80	6			1026
169	28.643782000	0x80	6			1026
171	28.645971000	0x80	6			1026
173	28.647247000	0x80	6			1026
175	28.648951000	0x80	6			1026
177	28.650257000	0x80	6			1026
179	28.651551000	0x80	6			1026
181	28.652608000	0x80	6			1026
183	28.653735000	0x80	6			1026
185	28.654859000	0x80	6			1026
207	31.062369000	0x21				
209	31.064092000	0x80	6			1026
211	31.065483000	0x80	6			1026
213	31.066638000	0x80	6			1026
215	31.067647000	0x80	6			1026
217	31.068648000	0x80	6			1026
219	31.069715000	0x80	6			1026
221	31.070721000	0x80	6			1026
223	31.071706000	0x80	6			1026
225	31.072812000	0x80	6			1026
227	31.073815000	0x80	6			1026
229	31.074855000	0x80	6			1026
231	31.075865000	0x80	6			1026
233	31.077591000	0x80	6			1026
235	31.078601000	0x80	6			1026
237	31.080004000	0x80	6			1026
239	31.081021000	0x80	6			1026
241	31.082221000	0x80	6			1026
243	31.083504000	0x80	6			1026
245	31.084657000	0x80	6			1026
247	31.085704000	0x80	6			1026
249	31.086549000	0xa1				
251	31.088028000	0x80	6			1026
253	31.089250000	0x80	6			1026
255	31.089970000	0x80	6			1026
257	31.090768000	0x80	6			1026
259	31.091935000	0x80	6			1026
261	31.092944000	0x80	6			1026
263	31.094116000	0x80	6			1026
265	31.094934000	0x80	6			1026
267	31.095977000	0x80	6			1026
269	31.097066000	0x80	6			1026
271	31.098070000	0x80	6			1026
273	31.099129000	0x80	6			1026
275	31.100883000	0x80	6			1026
277	31.102006000	0x80	6			1026
279	31.103389000	0x80	6			1026
281	31.104729000	0x80	6			1026
283	31.105923000	0x80	6			1026
285	31.106956000	0x80	6			1026
287	31.108074000	0x80	6			1026
289	31.109094000	0x80	6			1026
291	31.499226000	0x21				
293	31.500391000	0xa1				
297	31.501234000	0x21				
299	31.502962000	0xa1				
301	31.664371000	0x21				
303	31.666341000	0x80	6			1026
305	31.667480000	0x80	6			1026
307	31.668665000	0x80	6			1026
309	31.669684000	0x80	6			1026
311	31.671096000	0x80	6			1026
313	31.672012000	0x80	6			1026
315	31.673102000	0x80	6			1026
317	31.674074000	0x80	6			1026
319	31.675241000	0x80	6			1026
321	31.676707000	0x80	6			1026
323	31.678085000	0x80	6			1026
325	31.679072000	0x80	6			1026
327	31.680744000	0x80	6			1026
329	31.682097000	0x80	6			1026
331	31.683713000	0x80	6			1026
333	31.684801000	0x80	6			1026
335	31.686199000	0x80	6			1026
337	31.687487000	0x80	6			1026
339	31.688465000	0x80	6			1026
341	31.689647000	0x80	6			1026
343	31.690521000	0xa1				
345	31.692058000	0x80	6			1026
347	31.693144000	0x80	6			1026
349	31.694077000	0x80	6			1026
351	31.695194000	0x80	6			1026
353	31.696774000	0x80	6			1026
355	31.697794000	0x80	6			1026
357	31.698803000	0x80	6			1026
359	31.699834000	0x80	6			1026
361	31.700856000	0x80	6			1026
363	31.702183000	0x80	6			1026
365	31.703208000	0x80	6			1026
367	31.704209000	0x80	6			1026
369	31.705607000	0x80	6			1026
371	31.707112000	0x80	6			1026
373	31.708760000	0x80	6			1026
375	31.709688000	0x80	6			1026
377	31.710896000	0x80	6			1026
379	31.711973000	0x80	6			1026
381	31.713076000	0x80	6			1026
383	31.714192000	0x80	6			1026
385	32.071910000	0x21				
387	32.073230000	0x21				
389	32.074696000	0xa1				
393	32.078800000	0x21				
395	32.080347000	0xa1				
397	32.081605000	0x21				
399	32.082943000	0xa1				
401	33.325004000	0x21				
403	33.326424000	0x21				
405	33.328272000	0x80	6			1026
408	33.329250000	0x80	6			1026
411	33.330414000	0x80	6			1026
413	33.331765000	0x80	6			1026
415	33.332832000	0x80	6			1026
417	33.333831000	0x80	6			1026
419	33.335005000	0x80	6			1026
421	33.335767000	0x80	6			1026
423	33.336930000	0x80	6			1026
425	33.338316000	0x80	6			1026
427	33.339163000	0x80	6			1026
429	33.340041000	0x80	6			1026
431	33.341548000	0x80	6			1026
433	33.343021000	0x80	6			1026
435	33.344536000	0x80	6			1026
437	33.345772000	0x80	6			1026
439	33.347033000	0x80	6			1026
441	33.348303000	0x80	6			1026
443	33.348969000	0x80	6			1026
445	33.349966000	0x80	6			1026
447	33.350931000	0xa1				
449	33.352121000	0x21				
450	33.352148000	0x21				
452	33.353367000	0xa1				
454	33.355322000	0x80	6			1026
457	33.356924000	0x80	6			1026
459	33.357780000	0x80	6			1026
460	33.358047000	0x21				
462	33.359079000	0x80	6			1026
464	33.360253000	0xa1				
466	33.361418000	0x80	6			1026
469	33.363150000	0x80	6			1026
471	33.364071000	0x80	6			1026
473	33.365042000	0x80	6			1026
475	33.366181000	0x80	6			1026
477	33.367401000	0x80	6			1026
479	33.368606000	0x80	6			1026
480	33.368999000	0x21				
482	33.370003000	0x80	6			1026
484	33.371491000	0xa1				
486	33.372965000	0x80	6			1026
490	33.373220000	0x21				
492	33.374142000	0x80	6			1026
494	33.375164000	0xa1				
496	33.377068000	0x80	6			1026
499	33.378336000	0x80	6			1026
501	33.379390000	0x80	6			1026
503	33.380268000	0x80	6			1026
505	33.381371000	0x80	6			1026
507	33.382485000	0x80	6			1026
509	33.383446000	0xa1				
511	33.384924000	0x80	6			1026
513	33.386150000	0x80	6			1026
515	33.387201000	0x80	6			1026
517	33.388351000	0x80	6			1026
519	33.389269000	0x80	6			1026
521	33.390354000	0x80	6			1026
523	33.391336000	0x80	6			1026
525	33.392884000	0x80	6			1026
527	33.393834000	0x80	6			1026
529	33.395614000	0x80	6			1026
531	33.396491000	0x80	6			1026
533	33.397582000	0x80	6			1026
535	33.399265000	0x80	6			1026
537	33.400310000	0x80	6			1026
539	33.401922000	0x80	6			1026
541	33.403104000	0x80	6			1026
543	33.404674000	0x80	6			1026
545	33.405920000	0x80	6			1026
547	33.406680000	0x80	6			1026
549	33.407806000	0x80	6			1026
551	33.408877000	0x21				
553	33.411020000	0x80	6			1026
555	33.412374000	0x80	6			1026
557	33.413434000	0x80	6			1026
559	33.414462000	0x80	6			1026
561	33.415703000	0x80	6			1026
563	33.416874000	0x80	6			1026
565	33.417880000	0x80	6			1026
567	33.419215000	0x80	6			1026
569	33.420576000	0x80	6			1026
571	33.421598000	0x80	6			1026
573	33.422621000	0x80	6			1026
575	33.423802000	0x80	6			1026
577	33.425268000	0x80	6			1026
579	33.426251000	0x80	6			1026
581	33.427914000	0x80	6			1026
583	33.429104000	0x80	6			1026
585	33.430794000	0x80	6			1026
587	33.431858000	0x80	6			1026
589	33.432953000	0x80	6			1026
591	33.433848000	0x80	6			1026
593	33.434805000	0xa1				
595	33.437306000	0x21				
597	33.438373000	0x21				
599	33.439859000	0xa1				
601	33.441040000	0x21				
603	33.442383000	0xa1				
605	33.443560000	0x21				
606	33.443575000	0x21				
608	33.444895000	0x21				
610	33.446124000	0xa1				
612	33.447551000	0xa1				
615	33.455207000	0x21				
617	33.456839000	0xa1				
619	33.464181000	0x21				
621	33.465693000	0xa1				
623	33.473408000	0x80	6			1026
625	33.474546000	0x80	6			1026
627	33.475691000	0x80	6			1026
629	33.476620000	0x80	6			1026
630	33.477336000	0x21				
632	33.477845000	0x80	6			1026
634	33.478962000	0xa1				
636	33.479927000	0x80	6			1026
639	33.482128000	0x80	6			1026
641	33.483520000	0x80	6			1026
643	33.484613000	0x80	6			1026
645	33.485599000	0x80	6			1026
647	33.486780000	0x80	6			1026
649	33.487950000	0x80	6			1026
651	33.489630000	0x80	6			1026
653	33.490688000	0x80	6			1026
655	33.492609000	0x80	6			1026
657	33.493670000	0x80	6			1026
659	33.495357000	0x80	6			1026
661	33.496601000	0x80	6			1026
663	33.497882000	0x80	6			1026
665	33.498980000	0x80	6			1026
667	33.499936000	0x21				
669	33.502571000	0x80	6			1026
671	33.503624000	0x80	6			1026
673	33.504852000	0x80	6			1026
675	33.505925000	0x80	6			1026
677	33.507130000	0x80	6			1026
679	33.508171000	0x80	6			1026
681	33.509211000	0x80	6			1026
683	33.509962000	0x80	6			1026
685	33.511134000	0x80	6			1026
687	33.512166000	0x80	6			1026
689	33.513309000	0x80	6			1026
691	33.514268000	0x80	6			1026
693	33.516166000	0x80	6			1026
695	33.517033000	0x80	6			1026
697	33.518516000	0x80	6			1026
699	33.520039000	0x80	6			1026
701	33.521607000	0x80	6			1026
703	33.522813000	0x80	6			1026
705	33.523950000	0x80	6			1026
707	33.525014000	0x80	6			1026
709	33.526130000	0x21				
711	33.529906000	0x80	6			1026
713	33.530742000	0x80	6			1026
715	33.531948000	0x80	6			1026
717	33.533175000	0x80	6			1026
719	33.533911000	0x80	6			1026
721	33.534916000	0x80	6			1026
723	33.536050000	0x80	6			1026
725	33.537287000	0x80	6			1026
727	33.538542000	0x80	6			1026
729	33.539234000	0x80	6			1026
731	33.540403000	0x80	6			1026
733	33.541831000	0x80	6			1026
735	33.543344000	0x80	6			1026
737	33.545245000	0x80	6			1026
739	33.547017000	0x80	6			1026
741	33.548052000	0x80	6			1026
743	33.549385000	0x80	6			1026
745	33.551094000	0x80	6			1026
747	33.552620000	0x80	6			1026
749	33.553886000	0x80	6			1026
751	33.563056000	0x21				
753	33.566733000	0x80	6			1026
755	33.567902000	0x80	6			1026
757	33.568806000	0x21				
758	33.569049000	0x80	6			1026
760	33.570539000	0xa1				
762	33.571579000	0x80	6			1026
764	33.572595000	0x21				
766	33.573690000	0x80	6			1026
768	33.574976000	0xa1				
770	33.575878000	0x80	6			1026
772	33.577058000	0x21				
774	33.578025000	0x80	6			1026
776	33.579059000	0xa1				
778	33.580185000	0x80	6			1026
780	33.581104000	0x21				
782	33.582653000	0x80	6			1026
784	33.583559000	0xa1				
786	33.584407000	0x80	6			1026
789	33.586745000	0x80	6			1026
791	33.587949000	0x80	6			1026
792	33.588140000	0x21				
794	33.589530000	0x80	6			1026
796	33.590321000	0xa1				
798	33.591367000	0x80	6			1026
801	33.594138000	0x80	6			1026
803	33.595176000	0x80	6			1026
805	33.596878000	0x80	6			1026
807	33.597983000	0x80	6			1026
809	33.599134000	0x80	6			1026
810	33.599368000	0x21				
812	33.600233000	0x80	6			1026
814	33.601531000	0xa1				
817	33.603506000	0x21				
819	33.606536000	0x80	6			1026
821	33.607556000	0x80	6			1026
823	33.608695000	0x80	6			1026
825	33.609589000	0x80	6			1026
827	33.610758000	0x80	6			1026
829	33.611762000	0x80	6			1026
831	33.612971000	0x80	6			1026
833	33.614119000	0x80	6			1026
835	33.615537000	0x80	6			1026
837	33.616613000	0x80	6			1026
839	33.619843000	0x80	6			1026
841	33.620770000	0x80	6			1026
843	33.622271000	0x80	6			1026
845	33.623702000	0x80	6			1026
847	33.624949000	0x21				
848	33.625727000	0x80	6			1026
850	33.626296000	0x21				
852	33.627272000	0x80	6			1026
854	33.628925000	0x21				
858	33.630478000	0x80	6			1026
861	33.632451000	0x80	6			1026
863	33.633259000	0x80	6			1026
867	33.634013000	0x80	6			1026
869	33.634753000	0x21				
871	33.636005000	0x21				
875	33.637348000	0xa1				
877	33.661395000	0x21				
879	33.663012000	0x21				
881	33.664452000	0x21				
885	33.666220000	0x21				
891	33.804845000	0x21				
893	33.806234000	0xa1				
895	33.807367000	0x21				
897	33.808313000	0xa1				
901	33.809303000	0x21				
903	33.811090000	0xa1				
905	33.812324000	0x21				
907	33.813466000	0xa1				
909	33.817138000	0x21				
911	33.818712000	0xa1				
913	33.825206000	0x21				
915	33.826544000	0xa1				
917	33.857520000	0x21				
919	33.858896000	0xa1				
921	33.882760000	0x21				
923	33.884189000	0x21				
927	33.885901000	0x21				
941	34.170321000	0x21				
943	34.172108000	0x21				
947	34.173514000	0x21				
993	36.747554000	0x21				
995	36.749126000	0x21				
999	36.750718000	0x21				
1001	36.752139000	0xa1				
1003	36.752932000	0x21				
1007	36.754214000	0x21				
1016	36.755309000	0xa1				
1027	36.760221000	0x21				
1032	36.761456000	0x21				
1038	36.763326000	0x21				
1041	36.764368000	0xa1				
1045	36.765222000	0x21				
1049	36.766476000	0x21				
1053	36.768027000	0xa1				
1067	36.774354000	0x21				
1069	36.775870000	0x21				
1073	36.776877000	0x21				
1077	36.777967000	0xa1				
1079	36.778802000	0x21				
1081	36.780388000	0x21				
1083	36.781917000	0xa1				
1091	42.566310000	0x21				
1093	42.567979000	0xa1				
1097	50.736757000	0x21				
1098	50.736767000	0x21				
1102	50.737143000	0x21				
1655	80.777577000	0x21				
1656	80.777629000	0x21				
1661	80.778678000	0x21				
1727	92.447772000	0x21				
1728	92.447826000	0x21				
1732	92.448791000	0x21				
1733	92.448799000	0x21				
1736	92.450416000	0x21				
1739	92.452685000	0x21				
1747	92.542336000	0x21				
1749	94.292872000	0x21				
1751	94.295000000	0x21				
1753	94.296753000	0x21				
1761	94.335589000	0x21				
1763	94.398038000	0x21				
1765	94.476393000	0x21				
1767	94.537305000	0x21				
1769	94.600154000	0x21				
1771	94.661039000	0x21				
1773	94.723902000	0x21				
1775	94.786032000	0x21				
1777	94.847763000	0x21				
1779	94.910329000	0x21				
1781	94.989041000	0x21				
1783	95.051988000	0x21				
1785	95.114343000	0x21				
1787	95.177049000	0x21				
1789	95.238386000	0x21				
1791	95.300702000	0x21				
1793	95.362291000	0x21				
1795	95.423965000	0x21				
1797	95.500801000	0x21				
1799	95.562796000	0x21				
1801	95.685239000	0x21				
1803	95.749874000	0x21				
1805	95.810682000	0x21				
1807	95.873472000	0x21				
1809	95.933896000	0x21				
1811	96.012032000	0x21				
1813	96.072846000	0x21				
1815	96.135599000	0x21				
1817	96.168807000	0x21				
1819	96.170291000	0x21				
1821	96.172234000	0x21				
1829	96.197769000	0x21				
1831	96.210031000	0x21				
1833	96.274983000	0x21				
1835	96.338887000	0x21				
1837	96.400381000	0x21				
1839	96.477463000	0x21				
1841	96.539459000	0x21				
1843	96.601322000	0x21				
1845	96.664316000	0x21				
1847	96.725626000	0x21				
1849	96.785766000	0x21				
1851	96.863247000	0x21				
1853	96.924829000	0x21				
1855	96.987181000	0x21				
1857	97.047154000	0x21				
1859	97.109147000	0x21				
1861	97.170848000	0x21				
1863	97.246898000	0x21				
1865	97.307536000	0x21				
1867	97.370340000	0x21				
1869	97.430841000	0x21				
1871	97.492138000	0x21				
1873	97.553834000	0x21				
1875	97.618470000	0x21				
1877	97.620042000	0x21				
1881	97.622027000	0x21				
1887	97.631286000	0x21				
1889	97.656673000	0x21				
1891	97.675144000	0x21				
1893	97.740377000	0x21				
1895	97.802103000	0x21				
1897	97.862853000	0x21				
1899	97.923310000	0x21				
1901	97.985336000	0x21				
1903	98.046743000	0x21				
1905	98.125845000	0x21				
1907	98.186928000	0x21				
1909	98.249591000	0x21				
1911	98.311381000	0x21				
1913	98.372925000	0x21				
1915	98.433764000	0x21				
1917	98.498016000	0x21				
1919	98.561094000	0x21				
1921	98.622575000	0x21				
1923	98.685010000	0x21				
1925	98.762166000	0x21				
1927	98.823721000	0x21				
1929	98.886517000	0x21				
1931	98.947389000	0x21				
1933	99.009206000	0x21				
1935	99.072694000	0x21				
1937	99.135552000	0x21				
1939	99.199227000	0x21				
1941	99.262078000	0x21				
1943	99.338207000	0x21				
1945	99.400704000	0x21				
1947	99.418763000	0x21				
1949	99.420464000	0x21				
1953	99.422421000	0x21				
1959	99.463356000	0x21				
1961	99.477061000	0x21				
1963	99.478628000	0x21				
1965	99.540422000	0x21				
1967	99.541936000	0x21				
1969	99.602016000	0x21				
1971	99.603671000	0x21				
1973	99.664936000	0x21				
1975	99.666634000	0x21				
1977	99.740575000	0x21				
1979	99.742291000	0x21				
1981	99.801527000	0x21				
1983	99.802886000	0x21				
1985	99.864035000	0x21				
1987	99.865625000	0x21				
1989	99.928091000	0x21				
1991	99.929436000	0x21				
1993	99.992083000	0x21				
1995	99.993722000	0x21				
1997	100.051386000	0x21				
1999	100.052897000	0x21				
2001	100.112385000	0x21				
2003	100.113895000	0x21				
2005	100.174593000	0x21				
2007	100.176183000	0x21				
2009	100.250723000	0x21				
2011	100.252117000	0x21				
2013	100.313595000	0x21				
2015	100.315176000	0x21				
2017	100.374874000	0x21				
2019	100.375990000	0x21				
2021	100.436726000	0x21				
2023	100.438170000	0x21				
2025	100.500889000	0x21				
2027	100.502452000	0x21				
2029	100.564070000	0x21				
2031	100.565707000	0x21				
2033	100.627365000	0x21				
2035	100.628893000	0x21				
2037	100.689544000	0x21				
2039	100.691134000	0x21				
2041	100.752066000	0x21				
2043	100.753580000	0x21				
2045	100.816131000	0x21				
2047	100.817768000	0x21				
2049	100.877481000	0x21				
2051	100.879104000	0x21				
2053	100.955074000	0x21				
2055	100.956694000	0x21				
2057	100.988926000	0x21				
2059	100.990718000	0x21				
2061	100.992570000	0x21				
2069	101.016558000	0x21				
2071	101.017682000	0x21				
2073	101.031050000	0x21				
2075	101.032197000	0x21				
2077	101.045076000	0x21				
2079	101.046154000	0x21				
2081	101.108323000	0x21				
2083	101.109855000	0x21				
2085	101.172095000	0x21				
2087	101.173692000	0x21				
2089	101.234516000	0x21				
2091	101.236004000	0x21				
2093	101.296279000	0x21				
2095	101.297745000	0x21				
2097	101.358051000	0x21				
2099	101.359709000	0x21				
2101	101.434679000	0x21				
2103	101.435885000	0x21				
2105	101.496217000	0x21				
2107	101.497751000	0x21				
2109	101.560077000	0x21				
2111	101.561684000	0x21				
2113	101.620283000	0x21				
2115	101.621672000	0x21				
2117	101.683339000	0x21				
2119	101.684684000	0x21				
2121	101.743584000	0x21				
2123	101.745064000	0x21				
2125	101.806750000	0x21				
2127	101.808180000	0x21				
2129	101.883932000	0x21				
2131	101.885183000	0x21				
2133	101.944809000	0x21				
2135	101.946078000	0x21				
2137	102.007039000	0x21				
2139	102.008454000	0x21				
2141	102.068042000	0x21				
2143	102.069259000	0x21				
2145	102.129774000	0x21				
2147	102.131463000	0x21				
2149	102.191138000	0x21				
2151	102.192682000	0x21				
2153	102.268924000	0x21				
2155	102.270257000	0x21				
2157	102.328546000	0x21				
2159	102.329842000	0x21				
2161	102.390914000	0x21				
2163	102.392329000	0x21				
2165	102.451183000	0x21				
2167	102.452668000	0x21				
2169	102.513599000	0x21				
2171	102.515305000	0x21				
2173	102.575808000	0x21				
2175	102.577169000	0x21				
2177	102.637305000	0x21				
2179	102.638901000	0x21				
2181	102.714712000	0x21				
2183	102.716309000	0x21				
2185	102.774694000	0x21				
2187	102.837322000	0x21				
2188	102.838382000	0x21				
2191	102.840321000	0x21				
2195	102.841877000	0x21				
2201	102.875779000	0x21				
2203	103.428707000	0x21				
2205	104.580615000	0x21				
2207	104.582332000	0x21				
2209	104.583836000	0x21				
2217	104.943983000	0x21				
2219	106.191259000	0x21				
2221	106.192943000	0x21				
2225	106.194497000	0x21				
2231	106.939468000	0x21				
2233	107.037743000	0x21				
2235	107.815280000	0x21				
2237	107.844677000	0x21				
2239	107.846309000	0x21				
2241	107.847788000	0x21				
2249	107.967214000	0x21				
2251	110.244069000	0x21				
2253	110.245687000	0x21				
2255	110.247279000	0x21				
2263	110.614063000	0x21				
2265	110.615795000	0x21				
2267	110.653434000	0x21				
2269	110.718078000	0x21				
2271	110.781200000	0x21				
2273	110.846182000	0x21				
2275	110.910735000	0x21				
2277	110.912391000	0x21				
2279	110.973418000	0x21				
2281	110.975042000	0x21				
2283	111.037255000	0x21				
2285	111.038769000	0x21				
2287	111.101777000	0x21				
2289	111.103105000	0x21				
2291	111.165682000	0x21				
2293	111.167269000	0x21				
2295	111.231172000	0x21				
2297	111.232718000	0x21				
2299	111.294719000	0x21				
2301	111.296028000	0x21				
2303	111.359238000	0x21				
2305	111.360810000	0x21				
2307	111.422476000	0x21				
2309	111.423894000	0x21				
2311	111.485829000	0x21				
2313	111.487211000	0x21				
2315	111.549508000	0x21				
2317	111.550851000	0x21				
2319	111.614191000	0x21				
2321	111.615656000	0x21				
2323	111.677619000	0x21				
2325	111.679193000	0x21				
2327	111.741607000	0x21				
2329	111.742798000	0x21				
2331	111.805267000	0x21				
2333	111.806792000	0x21				
2335	111.871607000	0x21				
2337	111.933890000	0x21				
2339	111.935231000	0x21				
2341	111.999082000	0x21				
2343	112.061117000	0x21				
2345	112.062681000	0x21				
2347	112.127057000	0x21				
2349	112.190733000	0x21				
2351	112.192284000	0x21				
2353	112.254699000	0x21				
2355	112.318859000	0x21				
2357	112.320487000	0x21				
2359	112.381792000	0x21				
2361	112.445252000	0x21				
2363	112.509552000	0x21				
2365	112.511071000	0x21				
2367	112.573784000	0x21				
2369	112.637606000	0x21				
2371	112.639303000	0x21				
2373	112.701955000	0x21				
2375	112.703306000	0x21				
2377	112.765508000	0x21				
2379	112.767046000	0x21				
2381	112.829455000	0x21				
2383	112.830980000	0x21				
2385	112.894033000	0x21				
2387	112.895628000	0x21				
2389	112.957443000	0x21				
2391	112.959023000	0x21				
2393	113.022419000	0x21				
2395	113.023974000	0x21				
2397	113.086131000	0x21				
2399	113.087791000	0x21				
2401	113.150864000	0x21				
2403	113.152368000	0x21				
2405	113.213996000	0x21				
2407	113.215230000	0x21				
2409	113.278115000	0x21				
2411	113.279863000	0x21				
2413	113.342942000	0x21				
2415	113.344440000	0x21				
2421	113.406069000	0x21				
2423	113.407705000	0x21				
2429	113.470691000	0x21				
2431	113.472173000	0x21				
2435	113.534441000	0x21				
2439	113.598230000	0x21				
2441	113.664744000	0x21				
2451	113.726104000	0x21				
2453	113.789828000	0x21				
2459	113.854605000	0x21				
2461	113.917275000	0x21				
2463	113.918968000	0x21				
2469	113.983109000	0x21				
2471	114.045651000	0x21				
2477	114.109542000	0x21				
2479	114.174909000	0x21				
2481	114.176610000	0x21				
2487	114.237355000	0x21				
2489	114.238826000	0x21				
2499	114.301554000	0x21				
2501	114.303019000	0x21				
2503	114.365804000	0x21				
2505	114.367457000	0x21				
2507	114.431218000	0x21				
2509	114.432756000	0x21				
2519	114.494275000	0x21				
2521	114.495963000	0x21				
2523	114.559073000	0x21				
2525	114.560654000	0x21				
2531	114.621811000	0x21				
2533	114.623133000	0x21				
2539	114.686926000	0x21				
2541	114.688428000	0x21				
2543	114.749358000	0x21				
2545	114.750988000	0x21				
2555	114.813386000	0x21				
2557	114.814899000	0x21				
2559	114.877808000	0x21				
2561	114.879382000	0x21				
2565	114.942739000	0x21				
2567	114.944208000	0x21				
2571	115.006414000	0x21				
2577	115.070698000	0x21				
2579	115.133169000	0x21				
2589	115.197563000	0x21				
2591	115.262336000	0x21				
2601	115.326325000	0x21				
2603	115.390384000	0x21				
2609	115.454606000	0x21				
2619	115.519612000	0x21				
2621	115.521173000	0x21				
2627	115.582707000	0x21				
2629	115.584285000	0x21				
2631	115.646867000	0x21				
2633	115.648103000	0x21				
2641	115.710582000	0x21				
2643	115.712327000	0x21				
2645	115.775192000	0x21				
2647	115.776500000	0x21				
2653	115.838107000	0x21				
2655	115.839670000	0x21				
2657	115.902062000	0x21				
2659	115.903624000	0x21				
2661	115.966816000	0x21				
2663	115.968497000	0x21				
2669	116.031249000	0x21				
2671	116.032849000	0x21				
2673	116.094925000	0x21				
2675	116.096586000	0x21				
2681	116.158844000	0x21				
2683	116.160442000	0x21				
2689	116.223296000	0x21				
2691	116.224998000	0x21				
2693	116.287404000	0x21				
2695	116.289021000	0x21				
2701	116.351336000	0x21				
2703	116.352879000	0x21				
2705	116.414542000	0x21				
2707	116.416057000	0x21				
2709	116.477381000	0x21				
2711	116.479025000	0x21				
2713	116.543104000	0x21				
2715	116.605338000	0x21				
2717	116.670542000	0x21				
2719	116.733301000	0x21				
2725	116.798658000	0x21				
2727	116.862972000	0x21				
2737	116.926299000	0x21				
2739	116.927681000	0x21				
2741	116.989313000	0x21				
2743	116.990682000	0x21				
2749	117.053468000	0x21				
2751	117.054849000	0x21				
2757	117.117535000	0x21				
2759	117.119117000	0x21				
2765	117.182770000	0x21				
2767	117.184402000	0x21				
2769	117.246301000	0x21				
2771	117.247891000	0x21				
2773	117.311572000	0x21				
2775	117.313250000	0x21				
2781	117.374210000	0x21				
2783	117.375810000	0x21				
2789	117.439171000	0x21				
2791	117.440818000	0x21				
2797	117.502817000	0x21				
2799	117.504209000	0x21				
2801	117.566382000	0x21				
2803	117.567583000	0x21				
2809	117.630835000	0x21				
2811	117.632162000	0x21				
2817	117.694777000	0x21				
2819	117.696216000	0x21				
2825	117.758310000	0x21				
2827	117.759819000	0x21				
2829	117.823475000	0x21				
2831	117.824887000	0x21				
2833	117.886501000	0x21				
2839	117.951266000	0x21				
2841	117.952809000	0x21				
2847	118.015717000	0x21				
2849	118.077405000	0x21				
2851	118.142614000	0x21				
2853	118.144251000	0x21				
2855	118.205300000	0x21				
2857	118.206925000	0x21				
2863	118.270431000	0x21				
2865	118.333517000	0x21				
2867	118.334810000	0x21				
2873	118.397710000	0x21				
2875	118.463170000	0x21				
2877	118.526917000	0x21				
2879	118.527833000	0x21				
2881	118.589731000	0x21				
2883	118.654671000	0x21				
2885	118.655952000	0x21				
2887	118.718558000	0x21				
2889	118.719641000	0x21				
2891	118.782724000	0x21				
2893	118.783877000	0x21				
2895	118.845896000	0x21				
2897	118.846943000	0x21				
2899	118.911511000	0x21				
2901	118.912477000	0x21				
2903	118.974399000	0x21				
2905	118.975902000	0x21				
2907	119.039501000	0x21				
2909	119.041111000	0x21				
2911	119.103064000	0x21				
2913	119.105088000	0x21				
2915	119.167225000	0x21				
2917	119.168868000	0x21				
2919	119.230583000	0x21				
2921	119.231938000	0x21				
2923	119.294558000	0x21				
2925	119.295512000	0x21				
2927	119.358772000	0x21				
2929	119.360410000	0x21				
2931	119.421301000	0x21				
2933	119.422869000	0x21				
2935	119.486997000	0x21				
2937	119.487989000	0x21				
2939	119.549580000	0x21				
2941	119.614067000	0x21				
2943	119.677449000	0x21				
2945	119.742832000	0x21				
2947	119.805354000	0x21				
2949	119.870649000	0x21				
2951	119.933530000	0x21				
2953	119.935015000	0x21				
2955	119.999156000	0x21				
2961	120.062779000	0x21				
2963	120.127758000	0x21				
2969	120.190536000	0x21				
2971	120.191832000	0x21				
2977	120.253920000	0x21				
2979	120.255646000	0x21				
2985	120.317734000	0x21				
2987	120.382629000	0x21				
2989	120.384273000	0x21				
2991	120.445321000	0x21				
2993	120.446900000	0x21				
2995	120.510872000	0x21				
2997	120.511720000	0x21				
2999	120.573848000	0x21				
3001	120.575576000	0x21				
3003	120.637649000	0x21				
3005	120.639178000	0x21				
3007	120.702026000	0x21				
3009	120.703531000	0x21				
3011	120.765541000	0x21				
3013	120.767087000	0x21				
3015	120.829704000	0x21				
3017	120.831118000	0x21				
3023	120.894618000	0x21				
3025	120.896198000	0x21				
3029	120.959328000	0x21				
3031	120.960481000	0x21				
3035	121.021144000	0x21				
3041	121.085761000	0x21				
3047	121.149691000	0x21				
3049	121.215368000	0x21				
3051	121.277888000	0x21				
3053	121.341103000	0x21				
3055	121.406688000	0x21				
3057	121.469324000	0x21				
3059	121.534477000	0x21				
3061	121.535963000	0x21				
3063	121.599602000	0x21				
3065	121.601226000	0x21				
3067	121.661548000	0x21				
3069	121.663119000	0x21				
3071	121.727619000	0x21				
3073	121.729128000	0x21				
3075	121.789648000	0x21				
3077	121.790994000	0x21				
3079	121.854619000	0x21				
3081	121.856284000	0x21				
3083	121.918116000	0x21				
3085	121.919690000	0x21				
3087	121.982051000	0x21				
3089	121.983302000	0x21				
3091	122.045520000	0x21				
3093	122.047114000	0x21				
3095	122.110799000	0x21				
3097	122.112089000	0x21				
3099	122.173793000	0x21				
3101	122.175459000	0x21				
3103	122.238211000	0x21				
3105	122.239711000	0x21				
3107	122.302660000	0x21				
3109	122.304129000	0x21				
3111	122.365302000	0x21				
3113	122.366893000	0x21				
3115	122.429812000	0x21				
3117	122.430750000	0x21				
3119	122.495826000	0x21				
3121	122.497408000	0x21				
3123	122.557169000	0x21				
3125	122.622503000	0x21				
3127	122.686785000	0x21				
3129	122.750583000	0x21				
3131	122.814843000	0x21				
3133	122.878166000	0x21				
3135	122.941433000	0x21				
3137	122.942985000	0x21				
3139	123.006586000	0x21				
3141	123.008142000	0x21				
3143	123.070342000	0x21				
3145	123.071943000	0x21				
3147	123.133624000	0x21				
3149	123.135568000	0x21				
3151	123.199657000	0x21				
3153	123.201173000	0x21				
3155	123.261249000	0x21				
3157	123.262929000	0x21				
3159	123.326115000	0x21				
3161	123.327759000	0x21				
3163	123.390053000	0x21				
3165	123.391585000	0x21				
3167	123.453323000	0x21				
3169	123.454865000	0x21				
3171	123.518504000	0x21				
3173	123.519953000	0x21				
3175	123.581537000	0x21				
3177	123.583124000	0x21				
3179	123.645513000	0x21				
3181	123.646939000	0x21				
3183	123.710727000	0x21				
3185	123.712105000	0x21				
3187	123.773697000	0x21				
3189	123.774906000	0x21				
3191	123.839389000	0x21				
3193	123.840856000	0x21				
3195	123.901353000	0x21				
3197	123.965579000	0x21				
3199	123.967262000	0x21				
3201	124.029424000	0x21				
3203	124.095635000	0x21				
3205	124.157345000	0x21				
3207	124.158986000	0x21				
3209	124.222685000	0x21				
3211	124.224339000	0x21				
3213	124.285840000	0x21				
3215	124.351346000	0x21				
3217	124.352945000	0x21				
3219	124.413746000	0x21				
3221	124.478560000	0x21				
3223	124.541381000	0x21				
3225	124.543038000	0x21				
3227	124.607071000	0x21				
3229	124.669709000	0x21				
3231	124.671144000	0x21				
3233	124.734886000	0x21				
3235	124.736417000	0x21				
3237	124.797813000	0x21				
3239	124.799317000	0x21				
3241	124.862703000	0x21				
3243	124.864337000	0x21				
3245	124.925953000	0x21				
3247	124.927334000	0x21				
3249	124.991644000	0x21				
3251	124.993333000	0x21				
3253	125.053213000	0x21				
3255	125.054590000	0x21				
3257	125.117371000	0x21				
3259	125.118898000	0x21				
3261	125.181471000	0x21				
3263	125.183111000	0x21				
3265	125.246838000	0x21				
3267	125.248435000	0x21				
3269	125.311026000	0x21				
3271	125.312695000	0x21				
3273	125.374975000	0x21				
3275	125.376482000	0x21				
3277	125.437577000	0x21				
3279	125.438986000	0x21				
3281	125.502765000	0x21				
3283	125.504265000	0x21				
3285	125.567065000	0x21				
3287	125.632204000	0x21				
3289	125.695129000	0x21				
3291	125.759161000	0x21				
3293	125.822801000	0x21				
3295	125.887286000	0x21				
3297	125.950773000	0x21				
3299	125.952487000	0x21				
3301	126.014874000	0x21				
3303	126.078690000	0x21				
3305	126.141452000	0x21				
3307	126.207099000	0x21				
3309	126.208654000	0x21				
3311	126.270466000	0x21				
3313	126.272111000	0x21				
3315	126.334561000	0x21				
3317	126.398165000	0x21				
3319	126.399733000	0x21				
3321	126.461844000	0x21				
3323	126.463445000	0x21				
3325	126.526173000	0x21				
3327	126.527738000	0x21				
3329	126.591108000	0x21				
3331	126.592606000	0x21				
3333	126.653932000	0x21				
3335	126.655460000	0x21				
3337	126.718038000	0x21				
3339	126.719649000	0x21				
3341	126.782472000	0x21				
3343	126.784161000	0x21				
3345	126.848035000	0x21				
3347	126.849652000	0x21				
3349	126.910034000	0x21				
3351	126.911653000	0x21				
3353	126.974900000	0x21				
3355	126.976366000	0x21				
3357	127.037429000	0x21				
3359	127.102073000	0x21				
3361	127.166218000	0x21				
3363	127.231659000	0x21				
3365	127.295008000	0x21				
3367	127.359147000	0x21				
3369	127.422887000	0x21				
3371	127.485850000	0x21				
3373	127.549346000	0x21				
3375	127.550940000	0x21				
3377	127.614106000	0x21				
3379	127.615515000	0x21				
3381	127.677800000	0x21				
3383	127.679150000	0x21				
3385	127.742789000	0x21				
3387	127.744480000	0x21				
3389	127.807167000	0x21				
3391	127.808866000	0x21				
3393	127.871390000	0x21				
3395	127.872892000	0x21				
3397	127.933615000	0x21				
3399	127.935175000	0x21				
3401	127.998690000	0x21				
3403	127.999681000	0x21				
3405	128.062103000	0x21				
3407	128.063007000	0x21				
3409	128.127439000	0x21				
3411	128.128983000	0x21				
3413	128.190699000	0x21				
3415	128.192502000	0x21				
3417	128.255295000	0x21				
3419	128.256648000	0x21				
3421	128.318921000	0x21				
3423	128.320407000	0x21				
3425	128.382400000	0x21				
3427	128.384016000	0x21				
3429	128.446974000	0x21				
3431	128.448543000	0x21				
3433	128.509759000	0x21				
3435	128.511320000	0x21				
3437	128.574298000	0x21				
3439	128.638958000	0x21				
3441	128.702089000	0x21				
3443	128.765193000	0x21				
3445	128.829768000	0x21				
3447	128.893622000	0x21				
3449	128.956939000	0x21				
3451	128.958526000	0x21				
3453	129.021838000	0x21				
3455	129.023449000	0x21				
3457	129.085785000	0x21				
3459	129.087159000	0x21				
3461	129.150488000	0x21				
3463	129.152023000	0x21				
3465	129.213440000	0x21				
3467	129.214892000	0x21				
3469	129.277566000	0x21				
3471	129.279006000	0x21				
3473	129.342327000	0x21				
3475	129.343987000	0x21				
3477	129.405586000	0x21				
3479	129.406873000	0x21				
3481	129.469999000	0x21				
3483	129.471501000	0x21				
3485	129.533743000	0x21				
3487	129.535047000	0x21				
3489	129.597586000	0x21				
3491	129.598926000	0x21				
3493	129.661489000	0x21				
3495	129.663020000	0x21				
3497	129.726075000	0x21				
3499	129.727555000	0x21				
3501	129.789956000	0x21				
3503	129.791391000	0x21				
3505	129.854144000	0x21				
3507	129.855898000	0x21				
3509	129.917636000	0x21				
3511	129.981679000	0x21				
3513	129.983318000	0x21				
3515	130.046110000	0x21				
3517	130.111095000	0x21				
3519	130.174073000	0x21				
3521	130.175813000	0x21				
3523	130.238279000	0x21				
3525	130.239580000	0x21				
3527	130.302548000	0x21				
3529	130.365413000	0x21				
3531	130.367096000	0x21				
3533	130.430109000	0x21				
3535	130.493902000	0x21				
3537	130.557447000	0x21				
3539	130.559015000	0x21				
3541	130.621741000	0x21				
