25	20.977948000			
207	31.062369000			
291	31.499226000			
297	31.501234000			
301	31.664371000			
385	32.071910000			
387	32.073230000			
393	32.078800000			
397	32.081605000			
401	33.325004000			
403	33.326424000			
449	33.352121000			
450	33.352148000			
460	33.358047000			
480	33.368999000			
490	33.373220000			
551	33.408877000			
595	33.437306000			
597	33.438373000			
601	33.441040000			
605	33.443560000			
606	33.443575000			
608	33.444895000			
615	33.455207000			
619	33.464181000			
630	33.477336000			
667	33.499936000			
709	33.526130000			
751	33.563056000			
757	33.568806000			
764	33.572595000			
772	33.577058000			
780	33.581104000			
792	33.588140000			
810	33.599368000			
817	33.603506000			
847	33.624949000			
850	33.626296000			
854	33.628925000			
869	33.634753000			
871	33.636005000			
877	33.661395000			
879	33.663012000			
881	33.664452000			
885	33.666220000			
891	33.804845000			
895	33.807367000			
901	33.809303000			
905	33.812324000			
909	33.817138000			
913	33.825206000			
917	33.857520000			
921	33.882760000			
923	33.884189000			
927	33.885901000			
941	34.170321000			
943	34.172108000			
947	34.173514000			
993	36.747554000			
995	36.749126000			
999	36.750718000			
1003	36.752932000			
1007	36.754214000			
1027	36.760221000			
1032	36.761456000			
1038	36.763326000			
1045	36.765222000			
1049	36.766476000			
1067	36.774354000			
1069	36.775870000			
1073	36.776877000			
1079	36.778802000			
1081	36.780388000			
1091	42.566310000			
1102	50.737143000			
1661	80.778678000			
1732	92.448791000			
1733	92.448799000			
1736	92.450416000			
1739	92.452685000			
1747	92.542336000			
1749	94.292872000			
1751	94.295000000			
1753	94.296753000			
1761	94.335589000			
1763	94.398038000			
1765	94.476393000			
1767	94.537305000			
1769	94.600154000			
1771	94.661039000			
1773	94.723902000			
1775	94.786032000			
1777	94.847763000			
1779	94.910329000			
1781	94.989041000			
1783	95.051988000			
1785	95.114343000			
1787	95.177049000			
1789	95.238386000			
1791	95.300702000			
1793	95.362291000			
1795	95.423965000			
1797	95.500801000			
1799	95.562796000			
1801	95.685239000			
1803	95.749874000			
1805	95.810682000			
1807	95.873472000			
1809	95.933896000			
1811	96.012032000			
1813	96.072846000			
1815	96.135599000			
1817	96.168807000			
1819	96.170291000			
1821	96.172234000			
1829	96.197769000			
1831	96.210031000			
1833	96.274983000			
1835	96.338887000			
1837	96.400381000			
1839	96.477463000			
1841	96.539459000			
1843	96.601322000			
1845	96.664316000			
1847	96.725626000			
1849	96.785766000			
1851	96.863247000			
1853	96.924829000			
1855	96.987181000			
1857	97.047154000			
1859	97.109147000			
1861	97.170848000			
1863	97.246898000			
1865	97.307536000			
1867	97.370340000			
1869	97.430841000			
1871	97.492138000			
1873	97.553834000			
1875	97.618470000			
1877	97.620042000			
1881	97.622027000			
1887	97.631286000			
1889	97.656673000			
1891	97.675144000			
1893	97.740377000			
1895	97.802103000			
1897	97.862853000			
1899	97.923310000			
1901	97.985336000			
1903	98.046743000			
1905	98.125845000			
1907	98.186928000			
1909	98.249591000			
1911	98.311381000			
1913	98.372925000			
1915	98.433764000			
1917	98.498016000			
1919	98.561094000			
1921	98.622575000			
1923	98.685010000			
1925	98.762166000			
1927	98.823721000			
1929	98.886517000			
1931	98.947389000			
1933	99.009206000			
1935	99.072694000			
1937	99.135552000			
1939	99.199227000			
1941	99.262078000			
1943	99.338207000			
1945	99.400704000			
1947	99.418763000			
1949	99.420464000			
1953	99.422421000			
1959	99.463356000			
1961	99.477061000			
1963	99.478628000			
1965	99.540422000			
1967	99.541936000			
1969	99.602016000			
1971	99.603671000			
1973	99.664936000			
1975	99.666634000			
1977	99.740575000			
1979	99.742291000			
1981	99.801527000			
1983	99.802886000			
1985	99.864035000			
1987	99.865625000			
1989	99.928091000			
1991	99.929436000			
1993	99.992083000			
1995	99.993722000			
1997	100.051386000			
1999	100.052897000			
2001	100.112385000			
2003	100.113895000			
2005	100.174593000			
2007	100.176183000			
2009	100.250723000			
2011	100.252117000			
2013	100.313595000			
2015	100.315176000			
2017	100.374874000			
2019	100.375990000			
2021	100.436726000			
2023	100.438170000			
2025	100.500889000			
2027	100.502452000			
2029	100.564070000			
2031	100.565707000			
2033	100.627365000			
2035	100.628893000			
2037	100.689544000			
2039	100.691134000			
2041	100.752066000			
2043	100.753580000			
2045	100.816131000			
2047	100.817768000			
2049	100.877481000			
2051	100.879104000			
2053	100.955074000			
2055	100.956694000			
2057	100.988926000			
2059	100.990718000			
2061	100.992570000			
2069	101.016558000			
2071	101.017682000			
2073	101.031050000			
2075	101.032197000			
2077	101.045076000			
2079	101.046154000			
2081	101.108323000			
2083	101.109855000			
2085	101.172095000			
2087	101.173692000			
2089	101.234516000			
2091	101.236004000			
2093	101.296279000			
2095	101.297745000			
2097	101.358051000			
2099	101.359709000			
2101	101.434679000			
2103	101.435885000			
2105	101.496217000			
2107	101.497751000			
2109	101.560077000			
2111	101.561684000			
2113	101.620283000			
2115	101.621672000			
2117	101.683339000			
2119	101.684684000			
2121	101.743584000			
2123	101.745064000			
2125	101.806750000			
2127	101.808180000			
2129	101.883932000			
2131	101.885183000			
2133	101.944809000			
2135	101.946078000			
2137	102.007039000			
2139	102.008454000			
2141	102.068042000			
2143	102.069259000			
2145	102.129774000			
2147	102.131463000			
2149	102.191138000			
2151	102.192682000			
2153	102.268924000			
2155	102.270257000			
2157	102.328546000			
2159	102.329842000			
2161	102.390914000			
2163	102.392329000			
2165	102.451183000			
2167	102.452668000			
2169	102.513599000			
2171	102.515305000			
2173	102.575808000			
2175	102.577169000			
2177	102.637305000			
2179	102.638901000			
2181	102.714712000			
2183	102.716309000			
2185	102.774694000			
2187	102.837322000			
2188	102.838382000			
2191	102.840321000			
2195	102.841877000			
2201	102.875779000			
2203	103.428707000			
2205	104.580615000			
2207	104.582332000			
2209	104.583836000			
2217	104.943983000			
2219	106.191259000			
2221	106.192943000			
2225	106.194497000			
2231	106.939468000			
2233	107.037743000			
2235	107.815280000			
2237	107.844677000			
2239	107.846309000			
2241	107.847788000			
2249	107.967214000			
2251	110.244069000			
2253	110.245687000			
2255	110.247279000			
2263	110.614063000			
2265	110.615795000			
2267	110.653434000			
2269	110.718078000			
2271	110.781200000			
2273	110.846182000			
2275	110.910735000			
2277	110.912391000			
2279	110.973418000			
2281	110.975042000			
2283	111.037255000			
2285	111.038769000			
2287	111.101777000			
2289	111.103105000			
2291	111.165682000			
2293	111.167269000			
2295	111.231172000			
2297	111.232718000			
2299	111.294719000			
2301	111.296028000			
2303	111.359238000			
2305	111.360810000			
2307	111.422476000			
2309	111.423894000			
2311	111.485829000			
2313	111.487211000			
2315	111.549508000			
2317	111.550851000			
2319	111.614191000			
2321	111.615656000			
2323	111.677619000			
2325	111.679193000			
2327	111.741607000			
2329	111.742798000			
2331	111.805267000			
2333	111.806792000			
2335	111.871607000			
2337	111.933890000			
2339	111.935231000			
2341	111.999082000			
2343	112.061117000			
2345	112.062681000			
2347	112.127057000			
2349	112.190733000			
2351	112.192284000			
2353	112.254699000			
2355	112.318859000			
2357	112.320487000			
2359	112.381792000			
2361	112.445252000			
2363	112.509552000			
2365	112.511071000			
2367	112.573784000			
2369	112.637606000			
2371	112.639303000			
2373	112.701955000			
2375	112.703306000			
2377	112.765508000			
2379	112.767046000			
2381	112.829455000			
2383	112.830980000			
2385	112.894033000			
2387	112.895628000			
2389	112.957443000			
2391	112.959023000			
2393	113.022419000			
2395	113.023974000			
2397	113.086131000			
2399	113.087791000			
2401	113.150864000			
2403	113.152368000			
2405	113.213996000			
2407	113.215230000			
2409	113.278115000			
2411	113.279863000			
2413	113.342942000			
2415	113.344440000			
2421	113.406069000			
2423	113.407705000			
2429	113.470691000			
2431	113.472173000			
2435	113.534441000			
2439	113.598230000			
2441	113.664744000			
2451	113.726104000			
2453	113.789828000			
2459	113.854605000			
2461	113.917275000			
2463	113.918968000			
2469	113.983109000			
2471	114.045651000			
2477	114.109542000			
2479	114.174909000			
2481	114.176610000			
2487	114.237355000			
2489	114.238826000			
2499	114.301554000			
2501	114.303019000			
2503	114.365804000			
2505	114.367457000			
2507	114.431218000			
2509	114.432756000			
2519	114.494275000			
2521	114.495963000			
2523	114.559073000			
2525	114.560654000			
2531	114.621811000			
2533	114.623133000			
2539	114.686926000			
2541	114.688428000			
2543	114.749358000			
2545	114.750988000			
2555	114.813386000			
2557	114.814899000			
2559	114.877808000			
2561	114.879382000			
2565	114.942739000			
2567	114.944208000			
2571	115.006414000			
2577	115.070698000			
2579	115.133169000			
2589	115.197563000			
2591	115.262336000			
2601	115.326325000			
2603	115.390384000			
2609	115.454606000			
2619	115.519612000			
2621	115.521173000			
2627	115.582707000			
2629	115.584285000			
2631	115.646867000			
2633	115.648103000			
2641	115.710582000			
2643	115.712327000			
2645	115.775192000			
2647	115.776500000			
2653	115.838107000			
2655	115.839670000			
2657	115.902062000			
2659	115.903624000			
2661	115.966816000			
2663	115.968497000			
2669	116.031249000			
2671	116.032849000			
2673	116.094925000			
2675	116.096586000			
2681	116.158844000			
2683	116.160442000			
2689	116.223296000			
2691	116.224998000			
2693	116.287404000			
2695	116.289021000			
2701	116.351336000			
2703	116.352879000			
2705	116.414542000			
2707	116.416057000			
2709	116.477381000			
2711	116.479025000			
2713	116.543104000			
2715	116.605338000			
2717	116.670542000			
2719	116.733301000			
2725	116.798658000			
2727	116.862972000			
2737	116.926299000			
2739	116.927681000			
2741	116.989313000			
2743	116.990682000			
2749	117.053468000			
2751	117.054849000			
2757	117.117535000			
2759	117.119117000			
2765	117.182770000			
2767	117.184402000			
2769	117.246301000			
2771	117.247891000			
2773	117.311572000			
2775	117.313250000			
2781	117.374210000			
2783	117.375810000			
2789	117.439171000			
2791	117.440818000			
2797	117.502817000			
2799	117.504209000			
2801	117.566382000			
2803	117.567583000			
2809	117.630835000			
2811	117.632162000			
2817	117.694777000			
2819	117.696216000			
2825	117.758310000			
2827	117.759819000			
2829	117.823475000			
2831	117.824887000			
2833	117.886501000			
2839	117.951266000			
2841	117.952809000			
2847	118.015717000			
2849	118.077405000			
2851	118.142614000			
2853	118.144251000			
2855	118.205300000			
2857	118.206925000			
2863	118.270431000			
2865	118.333517000			
2867	118.334810000			
2873	118.397710000			
2875	118.463170000			
2877	118.526917000			
2879	118.527833000			
2881	118.589731000			
2883	118.654671000			
2885	118.655952000			
2887	118.718558000			
2889	118.719641000			
2891	118.782724000			
2893	118.783877000			
2895	118.845896000			
2897	118.846943000			
2899	118.911511000			
2901	118.912477000			
2903	118.974399000			
2905	118.975902000			
2907	119.039501000			
2909	119.041111000			
2911	119.103064000			
2913	119.105088000			
2915	119.167225000			
2917	119.168868000			
2919	119.230583000			
2921	119.231938000			
2923	119.294558000			
2925	119.295512000			
2927	119.358772000			
2929	119.360410000			
2931	119.421301000			
2933	119.422869000			
2935	119.486997000			
2937	119.487989000			
2939	119.549580000			
2941	119.614067000			
2943	119.677449000			
2945	119.742832000			
2947	119.805354000			
2949	119.870649000			
2951	119.933530000			
2953	119.935015000			
2955	119.999156000			
2961	120.062779000			
2963	120.127758000			
2969	120.190536000			
2971	120.191832000			
2977	120.253920000			
2979	120.255646000			
2985	120.317734000			
2987	120.382629000			
2989	120.384273000			
2991	120.445321000			
2993	120.446900000			
2995	120.510872000			
2997	120.511720000			
2999	120.573848000			
3001	120.575576000			
3003	120.637649000			
3005	120.639178000			
3007	120.702026000			
3009	120.703531000			
3011	120.765541000			
3013	120.767087000			
3015	120.829704000			
3017	120.831118000			
3023	120.894618000			
3025	120.896198000			
3029	120.959328000			
3031	120.960481000			
3035	121.021144000			
3041	121.085761000			
3047	121.149691000			
3049	121.215368000			
3051	121.277888000			
3053	121.341103000			
3055	121.406688000			
3057	121.469324000			
3059	121.534477000			
3061	121.535963000			
3063	121.599602000			
3065	121.601226000			
3067	121.661548000			
3069	121.663119000			
3071	121.727619000			
3073	121.729128000			
3075	121.789648000			
3077	121.790994000			
3079	121.854619000			
3081	121.856284000			
3083	121.918116000			
3085	121.919690000			
3087	121.982051000			
3089	121.983302000			
3091	122.045520000			
3093	122.047114000			
3095	122.110799000			
3097	122.112089000			
3099	122.173793000			
3101	122.175459000			
3103	122.238211000			
3105	122.239711000			
3107	122.302660000			
3109	122.304129000			
3111	122.365302000			
3113	122.366893000			
3115	122.429812000			
3117	122.430750000			
3119	122.495826000			
3121	122.497408000			
3123	122.557169000			
3125	122.622503000			
3127	122.686785000			
3129	122.750583000			
3131	122.814843000			
3133	122.878166000			
3135	122.941433000			
3137	122.942985000			
3139	123.006586000			
3141	123.008142000			
3143	123.070342000			
3145	123.071943000			
3147	123.133624000			
3149	123.135568000			
3151	123.199657000			
3153	123.201173000			
3155	123.261249000			
3157	123.262929000			
3159	123.326115000			
3161	123.327759000			
3163	123.390053000			
3165	123.391585000			
3167	123.453323000			
3169	123.454865000			
3171	123.518504000			
3173	123.519953000			
3175	123.581537000			
3177	123.583124000			
3179	123.645513000			
3181	123.646939000			
3183	123.710727000			
3185	123.712105000			
3187	123.773697000			
3189	123.774906000			
3191	123.839389000			
3193	123.840856000			
3195	123.901353000			
3197	123.965579000			
3199	123.967262000			
3201	124.029424000			
3203	124.095635000			
3205	124.157345000			
3207	124.158986000			
3209	124.222685000			
3211	124.224339000			
3213	124.285840000			
3215	124.351346000			
3217	124.352945000			
3219	124.413746000			
3221	124.478560000			
3223	124.541381000			
3225	124.543038000			
3227	124.607071000			
3229	124.669709000			
3231	124.671144000			
3233	124.734886000			
3235	124.736417000			
3237	124.797813000			
3239	124.799317000			
3241	124.862703000			
3243	124.864337000			
3245	124.925953000			
3247	124.927334000			
3249	124.991644000			
3251	124.993333000			
3253	125.053213000			
3255	125.054590000			
3257	125.117371000			
3259	125.118898000			
3261	125.181471000			
3263	125.183111000			
3265	125.246838000			
3267	125.248435000			
3269	125.311026000			
3271	125.312695000			
3273	125.374975000			
3275	125.376482000			
3277	125.437577000			
3279	125.438986000			
3281	125.502765000			
3283	125.504265000			
3285	125.567065000			
3287	125.632204000			
3289	125.695129000			
3291	125.759161000			
3293	125.822801000			
3295	125.887286000			
3297	125.950773000			
3299	125.952487000			
3301	126.014874000			
3303	126.078690000			
3305	126.141452000			
3307	126.207099000			
3309	126.208654000			
3311	126.270466000			
3313	126.272111000			
3315	126.334561000			
3317	126.398165000			
3319	126.399733000			
3321	126.461844000			
3323	126.463445000			
3325	126.526173000			
3327	126.527738000			
3329	126.591108000			
3331	126.592606000			
3333	126.653932000			
3335	126.655460000			
3337	126.718038000			
3339	126.719649000			
3341	126.782472000			
3343	126.784161000			
3345	126.848035000			
3347	126.849652000			
3349	126.910034000			
3351	126.911653000			
3353	126.974900000			
3355	126.976366000			
3357	127.037429000			
3359	127.102073000			
3361	127.166218000			
3363	127.231659000			
3365	127.295008000			
3367	127.359147000			
3369	127.422887000			
3371	127.485850000			
3373	127.549346000			
3375	127.550940000			
3377	127.614106000			
3379	127.615515000			
3381	127.677800000			
3383	127.679150000			
3385	127.742789000			
3387	127.744480000			
3389	127.807167000			
3391	127.808866000			
3393	127.871390000			
3395	127.872892000			
3397	127.933615000			
3399	127.935175000			
3401	127.998690000			
3403	127.999681000			
3405	128.062103000			
3407	128.063007000			
3409	128.127439000			
3411	128.128983000			
3413	128.190699000			
3415	128.192502000			
3417	128.255295000			
3419	128.256648000			
3421	128.318921000			
3423	128.320407000			
3425	128.382400000			
3427	128.384016000			
3429	128.446974000			
3431	128.448543000			
3433	128.509759000			
3435	128.511320000			
3437	128.574298000			
3439	128.638958000			
3441	128.702089000			
3443	128.765193000			
3445	128.829768000			
3447	128.893622000			
3449	128.956939000			
3451	128.958526000			
3453	129.021838000			
3455	129.023449000			
3457	129.085785000			
3459	129.087159000			
3461	129.150488000			
3463	129.152023000			
3465	129.213440000			
3467	129.214892000			
3469	129.277566000			
3471	129.279006000			
3473	129.342327000			
3475	129.343987000			
3477	129.405586000			
3479	129.406873000			
3481	129.469999000			
3483	129.471501000			
3485	129.533743000			
3487	129.535047000			
3489	129.597586000			
3491	129.598926000			
3493	129.661489000			
3495	129.663020000			
3497	129.726075000			
3499	129.727555000			
3501	129.789956000			
3503	129.791391000			
3505	129.854144000			
3507	129.855898000			
3509	129.917636000			
3511	129.981679000			
3513	129.983318000			
3515	130.046110000			
3517	130.111095000			
3519	130.174073000			
3521	130.175813000			
3523	130.238279000			
3525	130.239580000			
3527	130.302548000			
3529	130.365413000			
3531	130.367096000			
3533	130.430109000			
3535	130.493902000			
3537	130.557447000			
3539	130.559015000			
3541	130.621741000			
