847 33.624949000
850 33.626296000
854 33.628925000
877 33.661395000
881 33.664452000
885 33.666220000
921 33.882760000
923 33.884189000
927 33.885901000
941 34.170321000
943 34.172108000
947 34.173514000
1732 92.448791000
1736 92.450416000
1739 92.452685000
1749 94.292872000
1751 94.295000000
1753 94.296753000
1817 96.168807000
1819 96.170291000
1821 96.172234000
1875 97.618470000
1877 97.620042000
1881 97.622027000
1947 99.418763000
1949 99.420464000
1953 99.422421000
2057 100.988926000
2059 100.990718000
2061 100.992570000
2188 102.838382000
2191 102.840321000
2195 102.841877000
2205 104.580615000
2207 104.582332000
2209 104.583836000
2219 106.191259000
2221 106.192943000
2225 106.194497000
2237 107.844677000
2239 107.846309000
2241 107.847788000
2251 110.244069000
2253 110.245687000
2255 110.247279000
