207 31.062369000
291 31.499226000
297 31.501234000
301 31.664371000
385 32.071910000
387 32.073230000
393 32.078800000
397 32.081605000
401 33.325004000
403 33.326424000
449 33.352121000
450 33.352148000
460 33.358047000
480 33.368999000
490 33.373220000
551 33.408877000
595 33.437306000
597 33.438373000
601 33.441040000
605 33.443560000
606 33.443575000
608 33.444895000
615 33.455207000
619 33.464181000
630 33.477336000
667 33.499936000
709 33.526130000
751 33.563056000
757 33.568806000
764 33.572595000
772 33.577058000
780 33.581104000
792 33.588140000
810 33.599368000
817 33.603506000
869 33.634753000
871 33.636005000
891 33.804845000
895 33.807367000
901 33.809303000
905 33.812324000
909 33.817138000
913 33.825206000
917 33.857520000
993 36.747554000
995 36.749126000
999 36.750718000
1003 36.752932000
1007 36.754214000
1027 36.760221000
1032 36.761456000
1038 36.763326000
1045 36.765222000
1049 36.766476000
1067 36.774354000
1069 36.775870000
1073 36.776877000
1079 36.778802000
1081 36.780388000
1091 42.566310000
